0.000000000000000000e+00
0.000000000000000000e+00
-1.999999999999999833e-01
-2.210333790580704116e-01
2.743484224965730967e-04
-2.035665294924554058e-01
-1.106538637402837422e-02
-1.106538637402837422e-02
-1.294924554183813359e-01
2.588020118884315490e-02
2.743484224965730967e-03
-1.001371742112482643e-01
-7.681755829903991195e-03
-1.097393689986281284e-02
2.924554183813442010e-01
-1.999999999999999833e-01
0.000000000000000000e+00
1.999999999999999556e-01
-2.743484224965730967e-04
3.328760859625057300e-02
-2.496570644718792975e-02
1.961591220850478767e-01
-1.889346136259716369e-01
1.368998628257886430e-01
-3.566529492455450256e-03
-3.566529492455450256e-03
7.764060356652952022e-02
-3.566529492455450256e-03
1.097393689986281284e-02
2.323731138545953034e-01
6.529492455418384189e-02
3.319615912208501163e-02
1.964334705075445608e-01
-3.566529492455450256e-03
-1.865569272976680404e-02
2.035665294924552948e-01
2.019204389574759673e-01
1.668038408779149440e-01
3.566529492455394745e-03
-2.999542752629172360e-01
-3.840877914951967842e-03
1.097393689986281284e-02
-3.319615912208506714e-02
-3.566529492455450256e-03
-1.999999999999999833e-01
-2.776406035665294758e-01
9.986282578875171900e-02
1.914951989026062451e-01
1.097393689986292387e-03
2.776406035665294758e-01
1.106538637402837422e-02
-9.995427526291722486e-02
-9.986282578875171900e-02
3.566529492455394745e-03
-7.764060356652949246e-02
-2.777320530406949817e-01
-1.097393689986281284e-02
3.566529492455394745e-03
1.997256515775033825e-01
2.112482853223590640e-02
-1.920438957475994191e-01
1.371742112482865483e-03
-2.257887517146776046e-01
3.566529492455394745e-03
3.566529492455394745e-03
2.408779149519890139e-01
1.234567901234566722e-01
3.383630544124383022e-03
0.000000000000000000e+00
-1.887517146776405974e-01
1.890260631001370872e-01
-1.890260631001371427e-01
-1.001371742112482643e-01
7.709190672153637403e-02
-9.986282578875171900e-02
1.443072702331961166e-01
-2.087791495198902392e-01
-2.035665294924554058e-01
-1.294924554183813359e-01
2.249657064471877188e-02
-2.331961591220850227e-01
4.718792866941023956e-02
1.997256515775033825e-01
-2.222222222222219878e-02
