6.520000000000000000e+03 2.529531016779366578e-02
6.520500000000000000e+03 2.554949859482769786e-02
6.521000000000000000e+03 2.727969784449386925e-02
6.521500000000000000e+03 2.553909809064550465e-02
6.522000000000000000e+03 2.589837944285699328e-02
6.522500000000000000e+03 2.816890007214886346e-02
6.523000000000000000e+03 2.725936070065775735e-02
6.523500000000000000e+03 2.784937154001461065e-02
6.524000000000000000e+03 3.044904628495891455e-02
6.524500000000000000e+03 2.519999510545105695e-02
6.525000000000000000e+03 2.969514421630991066e-02
6.525500000000000000e+03 2.364134022846548638e-02
6.526000000000000000e+03 2.455661519748775570e-02
6.526500000000000000e+03 2.593817424683109857e-02
6.527000000000000000e+03 2.422460921230339820e-02
6.527500000000000000e+03 2.189744628601747109e-02
6.528000000000000000e+03 2.675443913875493254e-02
6.528500000000000000e+03 2.609206078053422084e-02
6.529000000000000000e+03 3.217179008215530212e-02
6.529500000000000000e+03 2.073092426699465335e-02
6.530000000000000000e+03 2.205361425790505758e-02
6.530500000000000000e+03 2.402830053072948363e-02
6.531000000000000000e+03 2.839177534156065580e-02
6.531500000000000000e+03 2.521176554977287015e-02
6.532000000000000000e+03 2.628117859612792706e-02
6.532500000000000000e+03 2.954590466060289661e-02
6.533000000000000000e+03 2.050491807728271540e-02
6.533500000000000000e+03 2.749173685549294657e-02
6.534000000000000000e+03 2.292990736508791066e-02
6.534500000000000000e+03 2.320678498383433458e-02
6.535000000000000000e+03 2.432541790429122025e-02
6.535500000000000000e+03 2.550845539176846422e-02
6.536000000000000000e+03 2.437294193392980715e-02
6.536500000000000000e+03 2.477922062873514492e-02
6.537000000000000000e+03 2.230998002161541441e-02
6.537500000000000000e+03 2.721109676400654265e-02
6.538000000000000000e+03 2.755037661760754292e-02
6.538500000000000000e+03 3.013332023376476612e-02
6.539000000000000000e+03 2.920594002152864660e-02
6.539500000000000000e+03 3.372638395424045615e-02
6.540000000000000000e+03 3.447709715828015109e-02
6.540500000000000000e+03 3.740120575361782079e-02
6.541000000000000000e+03 4.889152892981602633e-02
6.541500000000000000e+03 5.033514195000766966e-02
6.542000000000000000e+03 7.870195219563168310e-02
6.542500000000000000e+03 8.818020796749405366e-02
6.543000000000000000e+03 9.244346693966558337e-02
6.543500000000000000e+03 1.121291833535692228e-01
6.544000000000000000e+03 1.426783079581126490e-01
6.544500000000000000e+03 1.749948886843522566e-01
6.545000000000000000e+03 2.109601030869311111e-01
6.545500000000000000e+03 2.574319303719478924e-01
6.546000000000000000e+03 2.870002512844400666e-01
6.546500000000000000e+03 3.153758706834574599e-01
6.547000000000000000e+03 3.489145573685952795e-01
6.547500000000000000e+03 3.895929095805586440e-01
6.548000000000000000e+03 4.580675330245184695e-01
6.548500000000000000e+03 5.204321699985874350e-01
6.549000000000000000e+03 6.130489151864926267e-01
6.549500000000000000e+03 6.832100034491256357e-01
6.550000000000000000e+03 7.401063168029738959e-01
6.550500000000000000e+03 7.963228211988919725e-01
6.551000000000000000e+03 8.660214821723770662e-01
6.551500000000000000e+03 9.296767022488251486e-01
6.552000000000000000e+03 9.787977391417534978e-01
6.552500000000000000e+03 1.025919230876744193e+00
6.553000000000000000e+03 1.063522461944117259e+00
6.553500000000000000e+03 1.094745456499207181e+00
6.554000000000000000e+03 1.146814550568573621e+00
6.554500000000000000e+03 1.209025473696138331e+00
6.555000000000000000e+03 1.277410361612433709e+00
6.555500000000000000e+03 1.352999330379983434e+00
6.556000000000000000e+03 1.429196721964768546e+00
6.556500000000000000e+03 1.496788586351452288e+00
6.557000000000000000e+03 1.560956698997530756e+00
6.557500000000000000e+03 1.603702613842537650e+00
6.558000000000000000e+03 1.625628133976146250e+00
6.558500000000000000e+03 1.628324448672041624e+00
6.559000000000000000e+03 1.605831562152042480e+00
6.559500000000000000e+03 1.567475403529912548e+00
6.560000000000000000e+03 1.521446163731303480e+00
6.560500000000000000e+03 1.462430223644064720e+00
6.561000000000000000e+03 1.401095052809960606e+00
6.561500000000000000e+03 1.340578875235835410e+00
6.562000000000000000e+03 1.296392199056242367e+00
6.562500000000000000e+03 1.251679641367821061e+00
6.563000000000000000e+03 1.217187783754614561e+00
6.563500000000000000e+03 1.194112538182409144e+00
6.564000000000000000e+03 1.177083640746380500e+00
6.564500000000000000e+03 1.168954020648881542e+00
6.565000000000000000e+03 1.164477491348624882e+00
6.565500000000000000e+03 1.163665263508325998e+00
6.566000000000000000e+03 1.162626746048496029e+00
6.566500000000000000e+03 1.163414019274967126e+00
6.567000000000000000e+03 1.170031642202020050e+00
6.567500000000000000e+03 1.181497683847509306e+00
6.568000000000000000e+03 1.191560824938004748e+00
6.568500000000000000e+03 1.200048798166594821e+00
6.569000000000000000e+03 1.207743477223181872e+00
6.569500000000000000e+03 1.212360366501246123e+00
6.570000000000000000e+03 1.215068672570535746e+00
6.570500000000000000e+03 1.219450285786207289e+00
6.571000000000000000e+03 1.221024132164008957e+00
6.571500000000000000e+03 1.213112940504946113e+00
6.572000000000000000e+03 1.217847527606824576e+00
6.572500000000000000e+03 1.213042538567535189e+00
6.573000000000000000e+03 1.207906145774271911e+00
6.573500000000000000e+03 1.197756795165605626e+00
6.574000000000000000e+03 1.185599857382236610e+00
6.574500000000000000e+03 1.178095154583131965e+00
6.575000000000000000e+03 1.163246824949248248e+00
6.575500000000000000e+03 1.150144847743187038e+00
6.576000000000000000e+03 1.133529496589074315e+00
6.576500000000000000e+03 1.115149277296715757e+00
6.577000000000000000e+03 1.099620578432194629e+00
6.577500000000000000e+03 1.081249463319619464e+00
6.578000000000000000e+03 1.065670642727269746e+00
6.578500000000000000e+03 1.049125653066678820e+00
6.579000000000000000e+03 1.036766897074650418e+00
6.579500000000000000e+03 1.024368992408183132e+00
6.580000000000000000e+03 1.010644538032806183e+00
6.580500000000000000e+03 9.992654161720434525e-01
6.581000000000000000e+03 9.887213851119426300e-01
6.581500000000000000e+03 9.790779179274077260e-01
6.582000000000000000e+03 9.692300136732174831e-01
6.582500000000000000e+03 9.606829556304653517e-01
6.583000000000000000e+03 9.490637121008054233e-01
6.583500000000000000e+03 9.419648681324070960e-01
6.584000000000000000e+03 9.402024499576926431e-01
6.584500000000000000e+03 9.276068449597558718e-01
6.585000000000000000e+03 9.279091908435161962e-01
6.585500000000000000e+03 9.197766533678939371e-01
6.586000000000000000e+03 9.159231351186747361e-01
6.586500000000000000e+03 9.189790644380992912e-01
6.587000000000000000e+03 9.171237737119076749e-01
6.587500000000000000e+03 9.148369288494255791e-01
6.588000000000000000e+03 9.133233483467799729e-01
6.588500000000000000e+03 9.122108023169362978e-01
6.589000000000000000e+03 9.116824733464383712e-01
6.589500000000000000e+03 9.158203957875251655e-01
6.590000000000000000e+03 9.157659398278561458e-01
6.590500000000000000e+03 9.149644755475667690e-01
6.591000000000000000e+03 9.181873994377748316e-01
6.591500000000000000e+03 9.246759328172013959e-01
6.592000000000000000e+03 9.261200191929161996e-01
6.592500000000000000e+03 9.284526654657084821e-01
6.593000000000000000e+03 9.351629528225993138e-01
6.593500000000000000e+03 9.394262331408811395e-01
6.594000000000000000e+03 9.456182964541838265e-01
6.594500000000000000e+03 9.490751206194953937e-01
6.595000000000000000e+03 9.512635496309197469e-01
6.595500000000000000e+03 9.577968898603467229e-01
6.596000000000000000e+03 9.610637865492286380e-01
6.596500000000000000e+03 9.671094413653658073e-01
6.597000000000000000e+03 9.727613529228276157e-01
6.597500000000000000e+03 9.797144950934697505e-01
6.598000000000000000e+03 9.873223819108462029e-01
6.598500000000000000e+03 9.923560258731518591e-01
6.599000000000000000e+03 9.976775313341101903e-01
6.599500000000000000e+03 1.007778539091208847e+00
6.600000000000000000e+03 1.013462941362137659e+00
6.600500000000000000e+03 1.018207357971407045e+00
6.601000000000000000e+03 1.024340660621759103e+00
6.601500000000000000e+03 1.030902769925137408e+00
6.602000000000000000e+03 1.035841913503689815e+00
6.602500000000000000e+03 1.041363449361090376e+00
6.603000000000000000e+03 1.049785578148912490e+00
6.603500000000000000e+03 1.055153083724402308e+00
6.604000000000000000e+03 1.060803611324486306e+00
6.604500000000000000e+03 1.065462862932920807e+00
6.605000000000000000e+03 1.070989019949303511e+00
6.605500000000000000e+03 1.074990042872000950e+00
6.606000000000000000e+03 1.083566813592732547e+00
6.606500000000000000e+03 1.086389450312331029e+00
6.607000000000000000e+03 1.090512681728518674e+00
6.607500000000000000e+03 1.096551702819156260e+00
6.608000000000000000e+03 1.103066369810216552e+00
6.608500000000000000e+03 1.107170652649473119e+00
6.609000000000000000e+03 1.115649775274901723e+00
6.609500000000000000e+03 1.115816876799836654e+00
6.610000000000000000e+03 1.122061679900153708e+00
6.610500000000000000e+03 1.126412055051403849e+00
6.611000000000000000e+03 1.131471461745144680e+00
6.611500000000000000e+03 1.140514981706090003e+00
6.612000000000000000e+03 1.140786789626165421e+00
6.612500000000000000e+03 1.139281029455325278e+00
6.613000000000000000e+03 1.142360776110353582e+00
6.613500000000000000e+03 1.153714919332214484e+00
6.614000000000000000e+03 1.153010293469567404e+00
6.614500000000000000e+03 1.153825578602454272e+00
6.615000000000000000e+03 1.157678232891901082e+00
6.615500000000000000e+03 1.156919452398134540e+00
6.616000000000000000e+03 1.164550109823148549e+00
6.616500000000000000e+03 1.163616649540618608e+00
6.617000000000000000e+03 1.163770906767682911e+00
6.617500000000000000e+03 1.165229306939225440e+00
6.618000000000000000e+03 1.161658793502204023e+00
6.618500000000000000e+03 1.157739364312626140e+00
6.619000000000000000e+03 1.157524851247670128e+00
6.619500000000000000e+03 1.156995809123564589e+00
6.620000000000000000e+03 1.152916962768433695e+00
6.620500000000000000e+03 1.151077697775868547e+00
6.621000000000000000e+03 1.148814843151039655e+00
6.621500000000000000e+03 1.143443697384185054e+00
6.622000000000000000e+03 1.143463842084313287e+00
6.622500000000000000e+03 1.137031415435526993e+00
6.623000000000000000e+03 1.134127153236007990e+00
6.623500000000000000e+03 1.131964834117079599e+00
6.624000000000000000e+03 1.120609833048254789e+00
6.624500000000000000e+03 1.123080935177646733e+00
6.625000000000000000e+03 1.116423291900771719e+00
6.625500000000000000e+03 1.109207392043891849e+00
6.626000000000000000e+03 1.108176446346529342e+00
6.626500000000000000e+03 1.101749190749500062e+00
6.627000000000000000e+03 1.097656688297381500e+00
6.627500000000000000e+03 1.090549022535137302e+00
6.628000000000000000e+03 1.087458831333752762e+00
6.628500000000000000e+03 1.082795539359700410e+00
6.629000000000000000e+03 1.079328801855136577e+00
6.629500000000000000e+03 1.072157177700523434e+00
6.630000000000000000e+03 1.068795801008339819e+00
6.630500000000000000e+03 1.065881445469977873e+00
6.631000000000000000e+03 1.059860943206640593e+00
6.631500000000000000e+03 1.057333439599221325e+00
6.632000000000000000e+03 1.056186290281738049e+00
6.632500000000000000e+03 1.049573920096369628e+00
6.633000000000000000e+03 1.044550298838120117e+00
6.633500000000000000e+03 1.045876996165223227e+00
6.634000000000000000e+03 1.040391310057662722e+00
6.634500000000000000e+03 1.032737126035525144e+00
6.635000000000000000e+03 1.031453233139852710e+00
6.635500000000000000e+03 1.030424846624492297e+00
6.636000000000000000e+03 1.026058433961564154e+00
6.636500000000000000e+03 1.024352228446399282e+00
6.637000000000000000e+03 1.021380611721955711e+00
6.637500000000000000e+03 1.022304525594873725e+00
6.638000000000000000e+03 1.014761273839555944e+00
6.638500000000000000e+03 1.015322698368149812e+00
6.639000000000000000e+03 1.017918151319797460e+00
