  6539.000   25  1  1  1.7405373E-01 -6.5747573E+00  0.0000000E+00  1  1  6.4046518E+03  0.0000000E+00  0.0000000E+00  9.2457495E+00  1.0000000E+00  0.0000000E+00  = E_edge, Z, n_edge, j_edge, Abs_before_edge, VO_interstitial, E_cut, ninit, ninit1, Epsii, UnitCell_Volume, Surface_ref, f0_forward, natomsym_f, abs_u_iso
    Energy    <xanes>    
   6439.00  1.1731748E-05
   6459.00  3.2177715E-05
   6479.00  4.2299468E-04
   6499.00  1.4516366E-04
   6519.00  4.4175033E-03
   6519.50  3.8937467E-03
   6520.00  1.6930210E-03
   6520.50  2.3991924E-03
   6521.00  1.4200362E-02
   6521.50  8.7514795E-05
   6522.00  6.0845976E-05
   6522.50  3.8555158E-05
   6523.00  3.4652255E-05
   6523.50  3.1261483E-05
   6524.00  2.9802292E-05
   6524.50  2.8968809E-05
   6525.00  2.8517183E-05
   6525.50  2.8373842E-05
   6526.00  2.8565450E-05
   6526.50  3.0608009E-05
   6527.00  2.9676463E-05
   6527.50  3.0816583E-05
   6528.00  3.2556112E-05
   6528.50  3.5151900E-05
   6529.00  3.9115049E-05
   6529.50  4.5564652E-05
   6530.00  5.7516557E-05
   6530.50  7.9780650E-05
   6531.00  1.5084008E-04
   6531.50  6.4937470E-03
   6532.00  1.2229487E-02
   6532.50  9.4443508E-03
   6533.00  3.5015688E-02
   6533.50  1.4551670E-02
   6534.00  1.5207013E-02
   6534.50  1.0163443E-02
   6535.00  7.2915397E-03
   6535.50  1.6921996E-02
   6536.00  8.8961593E-03
   6536.50  3.7253800E-03
   6537.00  2.0543413E-03
   6537.50  8.6089097E-04
   6538.00  1.2245057E-03
   6538.50  3.1788783E-03
   6539.00  5.0207718E-03
   6539.50  5.3355691E-03
   6540.00  4.4680825E-03
   6540.50  1.4099729E-02
   6541.00  2.2852376E-03
   6541.50  2.3926899E-03
   6542.00  2.7430783E-03
   6542.50  1.3685988E-03
   6543.00  1.3264740E-03
   6543.50  1.9848291E-03
   6544.00  2.2553332E-03
   6544.50  2.9576288E-03
   6545.00  3.7315446E-03
   6545.50  4.3740534E-03
   6546.00  5.5327995E-03
   6546.50  7.3365638E-03
   6547.00  1.0388301E-02
   6547.50  1.3928374E-02
   6548.00  1.6281791E-02
   6548.50  1.8781217E-02
   6549.00  2.5266951E-02
   6549.50  3.1915923E-02
   6550.00  3.3152063E-02
   6550.50  3.2080284E-02
   6551.00  3.1258026E-02
   6551.50  3.0838538E-02
   6552.00  2.8994512E-02
   6552.50  2.7301707E-02
   6553.00  2.7663667E-02
   6553.50  2.9451764E-02
   6554.00  3.1016422E-02
   6554.50  3.2963709E-02
   6555.00  3.7074163E-02
   6555.50  4.3473430E-02
   6556.00  4.9913743E-02
   6556.50  5.4009904E-02
   6557.00  5.6812190E-02
   6557.50  6.0062933E-02
   6558.00  6.3679799E-02
   6558.50  6.6568252E-02
   6559.00  6.7907918E-02
   6559.50  6.7251611E-02
   6560.00  6.4414099E-02
   6560.50  6.0229298E-02
   6561.00  5.5769666E-02
   6561.50  5.1441103E-02
   6562.00  4.7305625E-02
   6562.50  4.3387298E-02
   6563.00  3.9879782E-02
   6563.50  3.6949432E-02
   6564.00  3.4621707E-02
   6564.50  3.2872312E-02
   6565.00  3.1688559E-02
   6565.50  3.1043627E-02
   6566.00  3.0879555E-02
   6566.50  3.1079123E-02
   6567.00  3.1497590E-02
   6567.50  3.2059245E-02
   6568.00  3.2780916E-02
   6568.50  3.3700184E-02
   6569.00  3.4854392E-02
   6569.50  3.6255729E-02
   6570.00  3.7923732E-02
   6570.50  3.9804451E-02
   6571.00  4.1809584E-02
   6571.50  4.3822029E-02
   6572.00  4.5689732E-02
   6572.50  4.7130203E-02
   6573.00  4.7925165E-02
   6573.50  4.8121919E-02
   6574.00  4.7930635E-02
   6574.50  4.7369806E-02
   6575.00  4.6247049E-02
   6575.50  4.4394231E-02
   6576.00  4.1912238E-02
   6576.50  3.9159960E-02
   6577.00  3.6538217E-02
   6577.50  3.4334974E-02
   6578.00  3.2618130E-02
   6578.50  3.1394051E-02
   6579.00  3.0605860E-02
   6579.50  3.0159549E-02
   6580.00  2.9952859E-02
   6580.50  2.9823615E-02
   6581.00  2.9598652E-02
   6581.50  2.9181829E-02
   6582.00  2.8602444E-02
   6582.50  2.7914593E-02
   6583.00  2.7162016E-02
   6583.50  2.6390474E-02
   6584.00  2.5667775E-02
   6584.50  2.5051555E-02
   6585.00  2.4577463E-02
   6585.50  2.4253245E-02
   6586.00  2.4067642E-02
   6586.50  2.3996254E-02
   6587.00  2.4007518E-02
   6587.50  2.4073030E-02
   6588.00  2.4175689E-02
   6588.50  2.4311309E-02
   6589.00  2.4479467E-02
   6589.50  2.4681480E-02
   6590.00  2.4920261E-02
   6590.50  2.5193382E-02
   6591.00  2.5493725E-02
   6591.50  2.5808895E-02
   6592.00  2.6126623E-02
   6592.50  2.6442995E-02
   6593.00  2.6761209E-02
   6593.50  2.7090136E-02
   6594.00  2.7437496E-02
   6594.50  2.7807214E-02
   6595.00  2.8198186E-02
   6595.50  2.8603845E-02
   6596.00  2.9016150E-02
   6596.50  2.9425445E-02
   6597.00  2.9823531E-02
   6597.50  3.0205123E-02
   6598.00  3.0568617E-02
   6598.50  3.0910226E-02
   6599.00  3.1231138E-02
   6599.50  3.1533704E-02
   6600.00  3.1818265E-02
   6600.50  3.2091010E-02
   6601.00  3.2360880E-02
   6601.50  3.2637598E-02
   6602.00  3.2929264E-02
   6602.50  3.3245285E-02
   6603.00  3.3585994E-02
   6603.50  3.3955554E-02
   6604.00  3.4355590E-02
   6604.50  3.4785820E-02
   6605.00  3.5246037E-02
   6605.50  3.5736433E-02
   6606.00  3.6256695E-02
   6606.50  3.6810339E-02
   6607.00  3.7394121E-02
   6607.50  3.8005355E-02
   6608.00  3.8632347E-02
   6608.50  3.9254763E-02
   6609.00  3.9845545E-02
   6609.50  4.0375039E-02
   6610.00  4.0816453E-02
   6610.50  4.1154680E-02
   6611.00  4.1385687E-02
   6611.50  4.1516888E-02
   6612.00  4.1561225E-02
   6612.50  4.1536059E-02
   6613.00  4.1459740E-02
   6613.50  4.1350076E-02
   6614.00  4.1222976E-02
   6614.50  4.1090710E-02
   6615.00  4.0963234E-02
   6615.50  4.0844051E-02
   6616.00  4.0733965E-02
   6616.50  4.0629680E-02
   6617.00  4.0524856E-02
   6617.50  4.0410176E-02
   6618.00  4.0274337E-02
   6618.50  4.0105270E-02
   6619.00  3.9891129E-02
   6619.50  3.9625797E-02
   6620.00  3.9308521E-02
   6620.50  3.8946093E-02
   6621.00  3.8549479E-02
   6621.50  3.8131565E-02
   6622.00  3.7703669E-02
   6622.50  3.7273724E-02
   6623.00  3.6847101E-02
   6623.50  3.6427452E-02
   6624.00  3.6018160E-02
   6624.50  3.5623901E-02
   6625.00  3.5250647E-02
   6625.50  3.4906023E-02
   6626.00  3.4597357E-02
   6626.50  3.4330968E-02
   6627.00  3.4111249E-02
   6627.50  3.3939547E-02
   6628.00  3.3814869E-02
   6628.50  3.3732584E-02
   6629.00  3.3685677E-02
   6629.50  3.3660340E-02
   6630.00  3.3644340E-02
   6630.50  3.3623787E-02
   6631.00  3.3586863E-02
   6631.50  3.3525338E-02
   6632.00  3.3435861E-02
   6632.50  3.3319594E-02
   6633.00  3.3182668E-02
   6633.50  3.3032987E-02
   6634.00  3.2879626E-02
   6634.50  3.2731929E-02
   6635.00  3.2597500E-02
   6635.50  3.2481917E-02
   6636.00  3.2389564E-02
   6636.50  3.2322645E-02
   6637.00  3.2282029E-02
   6637.50  3.2267049E-02
   6638.00  3.2275784E-02
   6638.50  3.2305174E-02
   6639.00  3.2350716E-02
