3 124 168 12 2 5
1 46 56 11 3 7
3 164 38 5 8 6
1 252 176 6 11 2
1 250 42 9 5 5
3 186 90 8 10 7
3 62 58 9 8 2
1 210 184 5 4 3
2 180 172 2 11 5
3 148 26 12 5 3
3 70 128 10 11 4
1 214 120 6 8 6
3 116 160 3 4 7
1 242 116 12 7 4
1 218 198 5 8 3
1 248 60 5 3 2
2 128 242 7 8 7
3 156 130 2 7 6
2 204 158 8 1 3
2 86 250 1 9 5
2 72 22 2 6 4
2 138 88 4 5 6
3 100 114 10 6 6
3 92 28 3 1 5
1 174 72 8 10 7
3 216 182 6 9 7
2 54 208 7 6 3
2 196 232 8 12 4
1 90 82 11 8 5
1 30 70 3 2 3
1 114 224 12 12 6
3 142 92 7 3 6
3 208 86 2 2 4
2 22 150 2 6 2
3 82 132 9 1 6
2 230 94 7 11 7
1 132 102 2 5 2
3 126 190 11 5 3
1 254 196 7 10 5
1 122 156 9 6 6
1 184 96 2 4 7
3 206 100 8 5 7
1 98 200 3 3 4
2 256 20 7 3 6
3 154 40 1 7 3
1 68 68 7 5 5
1 60 226 6 9 2
2 74 122 9 12 5
1 40 80 5 8 2
3 244 152 1 11 6
2 84 74 11 4 2
2 236 238 10 1 7
1 134 188 6 4 2
2 240 46 11 2 7
2 226 218 10 12 7
2 118 48 10 6 3
2 102 62 10 8 2
2 170 222 12 7 3
1 24 216 9 2 7
3 182 36 7 7 4
3 234 178 12 6 6
2 44 54 4 11 2
2 36 210 2 1 7
2 176 236 3 12 4
1 212 144 8 9 3
2 34 166 7 2 4
1 64 206 4 1 5
2 38 108 9 4 7
2 152 230 11 9 5
1 162 248 3 7 6
3 56 252 11 12 6
2 110 110 1 4 7
2 42 50 1 5 5
1 104 204 5 9 3
3 18 240 12 2 2
3 48 142 3 2 4
1 58 214 8 4 3
3 198 30 1 9 7
2 168 24 11 9 7
3 246 220 4 1 2
1 172 254 6 7 5
2 94 154 1 9 3
1 202 162 11 3 6
1 232 98 4 10 5
1 96 186 3 10 5
1 158 180 11 6 6
3 194 134 3 11 4
2 130 140 9 11 4
3 188 44 4 5 3
2 50 76 4 8 3
3 228 202 6 12 2
1 220 146 8 11 7
2 88 18 5 12 6
3 76 148 6 12 2
2 140 32 8 1 6
3 120 126 6 10 4
3 28 138 1 6 2
3 146 124 4 3 4
2 222 78 9 3 4
1 200 170 2 3 6
1 160 112 12 10 5
2 26 244 1 7 2
3 108 136 3 2 5
2 80 194 4 3 6
1 136 64 10 2 7
3 238 212 2 1 3
2 78 52 9 10 4
1 224 84 4 12 2
2 150 106 1 7 3
3 112 192 5 5 4
3 52 234 7 9 5
2 166 34 8 10 4
3 32 164 12 4 2
1 144 104 10 1 4
3 190 66 12 11 3
2 20 246 5 7 2
3 178 256 5 6 3
1 66 118 6 8 4
3 106 174 10 4 5
1 192 228 10 10 5
