64 1  0.0005
64 1  0.0010
64 2  0.0005
64 2  0.0010
64 3  0.0005
64 3  0.0010
64 4  0.0005
64 4  0.0010
64 6  0.0005
64 6  0.0010
64 8  0.0005
64 8  0.0010
96 1  0.0005
96 1  0.0010
96 2  0.0005
96 2  0.0010
96 3  0.0005
96 3  0.0010
96 4  0.0005
96 4  0.0010
96 6  0.0005
96 6  0.0010
96 8  0.0005
96 8  0.0010
128 1  0.0005
128 1  0.0010
128 2  0.0005
128 2  0.0010
128 3  0.0005
128 3  0.0010
128 4  0.0005
128 4  0.0010
128 6  0.0005
128 6  0.0010
128 8  0.0005
128 8  0.0010
256 1  0.0005
256 1  0.0010
256 2  0.0005
256 2  0.0010
256 3  0.0005
256 3  0.0010
256 4  0.0005
256 4  0.0010
256 6  0.0005
256 6  0.0010
256 8  0.0005
256 8  0.0010
