6.536503326185020342e+03 1.775166800194150074e-02 2.456469211522447488e-02
6.538725548407240240e+03 4.856386626530360268e-02 2.686238110395407566e-02
6.540947770629460138e+03 6.851981717784169645e-02 3.361306357263915690e-02
6.543169992851690040e+03 8.232062584794508364e-02 8.555356085795044752e-02
6.545392215073909938e+03 1.579468966955299980e-01 1.759394159113491785e-01
6.547614437296129836e+03 3.403674450380819727e-01 3.279102920525013287e-01
6.549836659518349734e+03 6.108089687440090287e-01 6.030952941561681380e-01
6.552058881740579636e+03 8.840803061477869873e-01 8.792535821243613325e-01
6.554281103962800444e+03 1.084511420640440038e+00 1.068325190480275966e+00
6.556503326185020342e+03 1.315733465012539849e+00 1.352116598606467157e+00
6.558725548407240240e+03 1.617855425066270225e+00 1.587828229391104351e+00
6.560947770629470142e+03 1.474573224351070300e+00 1.474384708804438171e+00
6.563169992851690040e+03 1.219364244200999758e+00 1.237112945624849525e+00
6.565392215073909938e+03 1.143949698258440062e+00 1.142827565529002998e+00
6.567614437296129836e+03 1.164210662768180304e+00 1.141315531688536389e+00
6.569836659518349734e+03 1.178345422416809951e+00 1.181851685535054264e+00
6.572058881740579636e+03 1.198592513135970039e+00 1.190379928683932720e+00
6.574281103962800444e+03 1.177611128415090080e+00 1.172735158412981482e+00
6.576503326185020342e+03 1.120918672436640007e+00 1.119759280429474924e+00
6.578725548407240240e+03 1.050663968176959839e+00 1.045422047655116815e+00
6.580947770629460138e+03 9.861176060984140346e-01 9.856446119954146434e-01
6.583169992851690040e+03 9.396968905429009533e-01 9.425744456781504077e-01
6.585392215073909938e+03 9.095393842774339710e-01 9.068982757593062605e-01
6.587614437296129836e+03 8.872528747280159500e-01 8.984773264557257555e-01
6.589836659518349734e+03 8.835642604112250442e-01 8.920534731733597011e-01
6.592058881740579636e+03 8.971358441550369989e-01 9.015854670699696705e-01
6.594281103962800444e+03 9.182322599892138726e-01 9.187582257420653375e-01
6.596503326185020342e+03 9.460894589296240387e-01 9.384502342302863953e-01
6.598725548407240240e+03 9.717086632475080421e-01 9.647309005112237879e-01
6.600947770629460138e+03 9.961912996356809824e-01 9.926526166604374701e-01
6.603169992851690040e+03 1.016333419586110010e+00 1.016890269835299954e+00
6.605392215073909938e+03 1.030285777359499999e+00 1.043227365743051083e+00
6.607614437296129836e+03 1.050964916251629910e+00 1.064944705555577409e+00
6.609836659518349734e+03 1.083453216828689891e+00 1.091652570885487394e+00
6.612058881740579636e+03 1.119200401578519966e+00 1.111613371945457063e+00
6.614281103962800444e+03 1.137881177979070069e+00 1.128251090157049719e+00
6.616503326185020342e+03 1.138730847483029773e+00 1.134392109670975701e+00
6.618725548407240240e+03 1.128783459060259675e+00 1.137393507971217188e+00
6.620947770629460138e+03 1.117189359219050049e+00 1.127222486179175531e+00
6.623169992851690040e+03 1.104286734846890106e+00 1.114489386181088948e+00
6.625392215073909938e+03 1.088814592320199948e+00 1.098613297914193154e+00
6.627614437296129836e+03 1.072141210238799935e+00 1.075603658302036303e+00
6.629836659518349734e+03 1.057979639903060098e+00 1.055756920404231192e+00
6.632058881740579636e+03 1.046895354097219899e+00 1.035182259901401780e+00
